IFF-8-11_MikalauskasE_L2_dat_1.json:
-----------------------------------
| ID  | Name       | Year | Grade |
-----------------------------------
|   0 | Antanas    |    1 |  6.96 |
|   1 | Kazys      |    2 |  8.65 |
|   2 | Petras     |    2 |  7.01 |
|   3 | Sonata     |    3 |  9.13 |
|   4 | Jonas      |    1 |  6.95 |
|   5 | Martynas   |    3 |  9.13 |
|   6 | Arturas    |    2 |  7.01 |
|   7 | Vacys      |    2 |  8.65 |
|   8 | Robertas   |    3 |  6.43 |
|   9 | Mykolas    |    1 |  6.95 |
|  10 | Aldona     |    3 |  9.13 |
|  11 | Asta       |    2 |  7.01 |
|  12 | Viktoras   |    2 |  8.66 |
|  13 | Arturas    |    5 |  8.32 |
|  14 | Vytas      |    3 |  7.88 |
|  15 | Jonas      |    1 |  6.95 |
|  16 | Zigmas     |    3 |  9.13 |
|  17 | Arturas    |    2 |  7.01 |
|  18 | Benas      |    1 |  8.43 |
|  19 | Kazys      |    2 |  8.00 |
|  20 | Tomas      |    3 |  5.10 |
|  21 | Edgaras    |    3 | 10.00 |
|  22 | Evaldas    |    3 | 10.00 |
|  23 | Donatas    |    3 |  1.00 |
|  24 | Simas      |    3 |  6.43 |
-----------------------------------

results:
-------------------------------------------
| ID  | Name       | Year | Grade | Count |
-------------------------------------------
|   0 | Aldona     |    3 |  9.13 |    30 |
|   1 | Antanas    |    1 |  6.96 |    29 |
|   2 | Zigmas     |    3 |  9.13 |    29 |
|   3 | Viktoras   |    2 |  8.66 |    28 |
|   4 | Kazys      |    2 |  8.00 |    28 |
|   5 | Petras     |    2 |  7.01 |    27 |
|   6 | Vytas      |    3 |  7.88 |    27 |
|   7 | Tomas      |    3 |  5.10 |    27 |
|   8 | Mykolas    |    1 |  6.95 |    26 |
|   9 | Arturas    |    5 |  8.32 |    26 |
|  10 | Vacys      |    2 |  8.65 |    25 |
|  11 | Asta       |    2 |  7.01 |    25 |
|  12 | Simas      |    3 |  6.43 |    25 |
|  13 | Arturas    |    2 |  7.01 |    24 |
|  14 | Arturas    |    2 |  7.01 |    24 |
|  15 | Evaldas    |    3 | 10.00 |    24 |
|  16 | Sonata     |    3 |  9.13 |    23 |
|  17 | Robertas   |    3 |  6.43 |    23 |
|  18 | Kazys      |    2 |  8.65 |    22 |
|  19 | Benas      |    1 |  8.43 |    22 |
|  20 | Edgaras    |    3 | 10.00 |    22 |
|  21 | Martynas   |    3 |  9.13 |    21 |
|  22 | Jonas      |    1 |  6.95 |    21 |
|  23 | Jonas      |    1 |  6.95 |    21 |
|  24 | Donatas    |    3 |  1.00 |    21 |
-------------------------------------------
