IFF-8-11_MikalauskasE_L2_dat_2.json:
-----------------------------------
| ID  | Name       | Year | Grade |
-----------------------------------
|   0 | Antanas    |    1 |  6.95 |
|   1 | Kazys      |    2 |  8.69 |
|   2 | Petras     |    2 |  7.03 |
|   3 | Sonata     |    3 |  9.16 |
|   4 | Jonas      |    1 |  6.97 |
|   5 | Martynas   |    3 |  9.15 |
|   6 | Arturas    |    2 |  7.02 |
|   7 | Vacys      |    2 |  8.68 |
|   8 | Robertas   |    3 |  6.44 |
|   9 | Mykolas    |    1 |  6.97 |
|  10 | Aldona     |    3 |  9.14 |
|  11 | Asta       |    2 |  7.01 |
|  12 | Viktoras   |    2 |  8.65 |
|  13 | Arturas    |    5 |  8.32 |
|  14 | Vytas      |    3 |  7.85 |
|  15 | Jonas      |    1 |  6.95 |
|  16 | Zigmas     |    3 |  9.13 |
|  17 | Arturas    |    2 |  7.01 |
|  18 | Benas      |    1 |  8.43 |
|  19 | Kazys      |    2 |  8.00 |
|  20 | Tomas      |    3 |  5.00 |
|  21 | Edgaras    |    3 | 10.00 |
|  22 | Evaldas    |    3 | 10.00 |
|  23 | Donatas    |    3 |  1.00 |
|  24 | Simas      |    3 |  6.43 |
-----------------------------------

results:
-------------------------------------------
| ID  | Name       | Year | Grade | Count |
-------------------------------------------
|   0 | Zigmas     |    3 |  9.13 |    29 |
|   1 | Tomas      |    3 |  5.00 |    29 |
|   2 | Martynas   |    3 |  9.15 |    28 |
|   3 | Kazys      |    2 |  8.00 |    28 |
|   4 | Arturas    |    2 |  7.02 |    27 |
|   5 | Jonas      |    1 |  6.97 |    27 |
|   6 | Kazys      |    2 |  8.69 |    26 |
|   7 | Arturas    |    5 |  8.32 |    26 |
|   8 | Petras     |    2 |  7.03 |    25 |
|   9 | Aldona     |    3 |  9.14 |    25 |
|  10 | Asta       |    2 |  7.01 |    25 |
|  11 | Simas      |    3 |  6.43 |    25 |
|  12 | Arturas    |    2 |  7.01 |    24 |
|  13 | Evaldas    |    3 | 10.00 |    24 |
|  14 | Vacys      |    2 |  8.68 |    23 |
|  15 | Mykolas    |    1 |  6.97 |    23 |
|  16 | Benas      |    1 |  8.43 |    22 |
|  17 | Edgaras    |    3 | 10.00 |    22 |
|  18 | Jonas      |    1 |  6.95 |    21 |
|  19 | Donatas    |    3 |  1.00 |    21 |
-------------------------------------------
